
0 1 15 
15 1 16 
1 2 16 
16 2 17 
2 3 17 
17 3 18 
3 4 18 
18 4 19 
4 5 19 
19 5 20 
5 6 20 
20 6 21 
6 7 21 
21 7 22 
7 8 22 
22 8 23 
8 9 23 
23 9 24 
9 10 24 
24 10 25 
10 11 25 
25 11 26 
11 12 26 
26 12 27 
12 13 27 
27 13 28 
13 14 28 
28 14 29 
15 16 30 
30 16 31 
16 17 31 
31 17 32 
17 18 32 
32 18 33 
18 19 33 
33 19 34 
19 20 34 
34 20 35 
20 21 35 
35 21 36 
21 22 36 
36 22 37 
22 23 37 
37 23 38 
23 24 38 
38 24 39 
24 25 39 
39 25 40 
25 26 40 
40 26 41 
26 27 41 
41 27 42 
27 28 42 
42 28 43 
28 29 43 
43 29 44 
30 31 45 
45 31 46 
31 32 46 
46 32 47 
32 33 47 
47 33 48 
33 34 48 
48 34 49 
34 35 49 
49 35 50 
35 36 50 
50 36 51 
36 37 51 
51 37 52 
37 38 52 
52 38 53 
38 39 53 
53 39 54 
39 40 54 
54 40 55 
40 41 55 
55 41 56 
41 42 56 
56 42 57 
42 43 57 
57 43 58 
43 44 58 
58 44 59 
45 46 60 
60 46 61 
46 47 61 
61 47 62 
47 48 62 
62 48 63 
48 49 63 
63 49 64 
49 50 64 
64 50 65 
50 51 65 
65 51 66 
51 52 66 
66 52 67 
52 53 67 
67 53 68 
53 54 68 
68 54 69 
54 55 69 
69 55 70 
55 56 70 
70 56 71 
56 57 71 
71 57 72 
57 58 72 
72 58 73 
58 59 73 
73 59 74 
60 61 75 
75 61 76 
61 62 76 
76 62 77 
62 63 77 
77 63 78 
63 64 78 
78 64 79 
64 65 79 
79 65 80 
65 66 80 
80 66 81 
66 67 81 
81 67 82 
67 68 82 
82 68 83 
68 69 83 
83 69 84 
69 70 84 
84 70 85 
70 71 85 
85 71 86 
71 72 86 
86 72 87 
72 73 87 
87 73 88 
73 74 88 
88 74 89 
75 76 90 
90 76 91 
76 77 91 
91 77 92 
77 78 92 
92 78 93 
78 79 93 
93 79 94 
79 80 94 
94 80 95 
80 81 95 
95 81 96 
81 82 96 
96 82 97 
82 83 97 
97 83 98 
83 84 98 
98 84 99 
84 85 99 
99 85 100 
85 86 100 
100 86 101 
86 87 101 
101 87 102 
87 88 102 
102 88 103 
88 89 103 
103 89 104 
90 91 105 
105 91 106 
91 92 106 
106 92 107 
92 93 107 
107 93 108 
93 94 108 
108 94 109 
94 95 109 
109 95 110 
95 96 110 
110 96 111 
96 97 111 
111 97 112 
97 98 112 
112 98 113 
98 99 113 
113 99 114 
99 100 114 
114 100 115 
100 101 115 
115 101 116 
101 102 116 
116 102 117 
102 103 117 
117 103 118 
103 104 118 
118 104 119 
105 106 120 
120 106 121 
106 107 121 
121 107 122 
107 108 122 
122 108 123 
108 109 123 
123 109 124 
109 110 124 
124 110 125 
110 111 125 
125 111 126 
111 112 126 
126 112 127 
112 113 127 
127 113 128 
113 114 128 
128 114 129 
114 115 129 
129 115 130 
115 116 130 
130 116 131 
116 117 131 
131 117 132 
117 118 132 
132 118 133 
118 119 133 
133 119 134 
120 121 135 
135 121 136 
121 122 136 
136 122 137 
122 123 137 
137 123 138 
123 124 138 
138 124 139 
124 125 139 
139 125 140 
125 126 140 
140 126 141 
126 127 141 
141 127 142 
127 128 142 
142 128 143 
128 129 143 
143 129 144 
129 130 144 
144 130 145 
130 131 145 
145 131 146 
131 132 146 
146 132 147 
132 133 147 
147 133 148 
133 134 148 
148 134 149 
135 136 150 
150 136 151 
136 137 151 
151 137 152 
137 138 152 
152 138 153 
138 139 153 
153 139 154 
139 140 154 
154 140 155 
140 141 155 
155 141 156 
141 142 156 
156 142 157 
142 143 157 
157 143 158 
143 144 158 
158 144 159 
144 145 159 
159 145 160 
145 146 160 
160 146 161 
146 147 161 
161 147 162 
147 148 162 
162 148 163 
148 149 163 
163 149 164 
150 151 165 
165 151 166 
151 152 166 
166 152 167 
152 153 167 
167 153 168 
153 154 168 
168 154 169 
154 155 169 
169 155 170 
155 156 170 
170 156 171 
156 157 171 
171 157 172 
157 158 172 
172 158 173 
158 159 173 
173 159 174 
159 160 174 
174 160 175 
160 161 175 
175 161 176 
161 162 176 
176 162 177 
162 163 177 
177 163 178 
163 164 178 
178 164 179 
165 166 180 
180 166 181 
166 167 181 
181 167 182 
167 168 182 
182 168 183 
168 169 183 
183 169 184 
169 170 184 
184 170 185 
170 171 185 
185 171 186 
171 172 186 
186 172 187 
172 173 187 
187 173 188 
173 174 188 
188 174 189 
174 175 189 
189 175 190 
175 176 190 
190 176 191 
176 177 191 
191 177 192 
177 178 192 
192 178 193 
178 179 193 
193 179 194 
180 181 195 
195 181 196 
181 182 196 
196 182 197 
182 183 197 
197 183 198 
183 184 198 
198 184 199 
184 185 199 
199 185 200 
185 186 200 
200 186 201 
186 187 201 
201 187 202 
187 188 202 
202 188 203 
188 189 203 
203 189 204 
189 190 204 
204 190 205 
190 191 205 
205 191 206 
191 192 206 
206 192 207 
192 193 207 
207 193 208 
193 194 208 
208 194 209 
195 196 210 
210 196 211 
196 197 211 
211 197 212 
197 198 212 
212 198 213 
198 199 213 
213 199 214 
199 200 214 
214 200 215 
200 201 215 
215 201 216 
201 202 216 
216 202 217 
202 203 217 
217 203 218 
203 204 218 
218 204 219 
204 205 219 
219 205 220 
205 206 220 
220 206 221 
206 207 221 
221 207 222 
207 208 222 
222 208 223 
208 209 223 
223 209 224 